[foodbg.jpg]
filters=retouch=1;
moddate=15f9666e257ad801
width=1600
height=800
textactive=0
[foodbg.1.jpg]
filters=retouch=1;finetune2=1,0.251462,0.000000,0.000000,00000000,0.000000;Lomo=1,11.695907,88.888893;
moddate=40334192257ad801
width=1600
height=800
textactive=0
